##
# DatasetParameters for 4dtfrs dataset

[dataset]
name=               4dtfrs
sensor=             vlp16
type=               pcap
folderPrefix=       ../../dataset/
folder=             4dtfrs/
files=              2019-03-21-14-26-40_Velodyne-VLP-16-Data_1.pcap
frameCounts=        5807
startFrameNumbers=  20
transforms=         1,0,0,0, 0,1,0,0, 0,0,1,0, 0,0,0,1

files=              2019-03-21-14-26-39_Velodyne-VLP-16-Data_2.pcap
frameCounts=        5823
startFrameNumbers=  0
transforms=         -0.0778526,-0.996943,-0.00635855,-22380.44, 0.996951,-0.0778824,0.00458775,13904.81, -0.00506896,-0.00598201,0.999969,-20.58916, 0,0,0,1

files=              2019-03-21-14-26-39_Velodyne-VLP-16-Data_3.pcap
frameCounts=        5817
startFrameNumbers=  11
transforms=         0.999987, 0.00491309, -0.00102698,-21022.35, -0.00491316,0.999988,-0.0000670371, 1402.525, 0.00102664,0.0000720821,0.999999,-70.72621, 0,0,0,1

# files=              2019-03-21-14-26-39_Velodyne-VLP-16-Data_3_fix_ts.pcap
# frameCounts=        5858
# startFrameNumbers=  11
# transforms=         0.999987, 0.00491309, -0.00102698,-21022.35, -0.00491316,0.999988,-0.0000670371, 1402.525, 0.00102664,0.0000720821,0.999999,-70.72621, 0,0,0,1
