##
# DatasetParameters for ZX-XS-20220707 dataset

[dataset]
name=               ZX-XS-20220707
sensor=             hi-res
type=               pcap
folderPrefix=       ../../dataset/
folder=             ZX-XS-20220707/

files=              2022-07-07-10-34-27_Velodyne-VLP-16 Hi-Res-Data-EN.pcap
frameCounts=        18183
startFrameNumbers=  20
transforms=         1,0,0,20000, 0,1,0,20000, 0,0,1,0, 0,0,0,1

files=              2022-07-07-10-34-26_Velodyne-VLP-16 Hi-Res-Data-ES.pcap
frameCounts=        18250
startFrameNumbers=  0
transforms=         0.9925461,-0.1218693,0,25700, 0.1218693,0.9925461,0,-27000, 0,0,1,0, 0,0,0,1

files=              2022-07-07-10-34-26_Velodyne-VLP-16 Hi-Res-Data-WS.pcap
frameCounts=        18243
startFrameNumbers=  9
transforms=         0.9953962,-0.0958458,0,-23600, 0.0958458,0.9953962,0,-19970, 0,0,1,0, 0,0,0,1

files=              2022-07-07-10-34-35_Velodyne-VLP-16 Hi-Res-Data-WN.pcap
frameCounts=        18108
startFrameNumbers=  113
transforms=         0.9916711,-0.1287956,0,-27350, 0.1287956,0.9916711,0,20700, 0,0,1,0, 0,0,0,1
